
ShipName="Alkmini"
InitialLong=8.933566812295838
InitialLat=44.36265868960595
InitialBearing=10
InitialSpeed=7.0
HasDepthSounder=1
HasGPS=1
gpsDecimals=3
HasDeviation=0
