Number=2

HeightMap(1)="tile.png"
Texture(1)="tile.png"
TerrainLong(1)=8.3682365
TerrainLat(1)=44.2510932
TerrainLongExtent(1)=0.6324015000000003
TerrainLatExtent(1)=0.45273209999999864
TerrainMaxHeight(1)=1286
SeaMaxDepth(1)=25
TerrainHeightMapSize(1)=2049

HeightMap(2)="tile2.png"
Texture(2)="tile2.png"
TerrainLong(2)=8.9993688
TerrainLat(2)=44.2511211
TerrainLongExtent(2)=0.6323661000000005
TerrainLatExtent(2)=0.45273209999999864
TerrainMaxHeight(2)=1286
SeaMaxDepth(2)=25
TerrainHeightMapSize(2)=2049